0.022014
0.026882
0.021265
0.021874
0.011091
0.01105
0.022142
0.027317
0.021426
0.023305
0.010829
0.022662
0.019351
0.012571
0.01154
0.043308
0.010089
0.011963
0.005827
0.016112
0.016003
0.021966
0.011028
0.018888
0.034026
0.011041
0.01605
0.010883
0.022059
0.027382
0.027767
0.022605
0.027275
0.010465
0.010786
0.010952
0.041031
0.021092
0.026186
0.031536
0.021343
0.020887
0.021266
0.021355
0.024188
0.010995
0.011016
0.021261
0.021821
0.025209
0.01163
0.011913
0.037277
0.011656
0.00573
0.04746
0.011139
0.032141
0.046889
0.056932
0.052791
0.027738
0.042696
0.016832
0.016926
0.043266
0.016233
0.021657
0.027468
0.021741
0.011638
0.009832
0.031487
0.021635
0.026406
0.036349
0.02179
0.026647
0.011604
0.031536
0.021035
0.03225
0.021237
0.026631
0.032002
0.016434
0.031434
0.011029
0.016384
0.014603
0.016433
0.021382
0.016497
0.048685
0.021859
0.011218
0.026345
0.011383
0.021346
0.011658
0.026525
0.021302
0.016545
