0.009525
0.028923
0.026494
0.022134
0.015837
0.020866
0.02611
0.031319
0.021666
0.016511
0.021436
0.011212
0.021338
0.026607
0.016263
0.010884
0.016022
0.010925
0.031366
0.010899
0.026835
0.032339
0.021401
0.031867
0.036605
0.042143
0.026723
0.016391
0.019046
0.027947
0.032194
0.010817
0.014938
0.011006
0.021093
0.016325
0.021613
0.016404
0.011093
0.021515
0.011018
0.026323
0.021654
0.011544
0.041871
0.023473
0.016672
0.015781
0.010699
0.016097
0.015845
0.010904
0.010955
0.010812
0.011146
0.010774
0.010719
0.016164
0.010812
0.021112
0.015407
0.026041
0.016101
0.020967
0.019609
0.030868
0.023092
0.021385
0.026002
0.021032
0.026338
0.015955
0.026033
0.021028
0.010982
0.021258
0.016445
0.026161
0.01097
0.016222
0.016152
0.015895
0.021226
0.026163
0.032696
0.011088
0.020912
0.015765
0.016129
0.0264
0.027588
0.011195
0.021448
0.023158
0.02107
0.011164
0.02013
0.027541
0.053248
0.021717
0.010942
0.025951
