0.005282000172883272
0.005257000215351582
0.005303999874740839
0.010329999960958958
0.010325999930500984
0.005375000182539225
0.010312000289559364
0.010308999568223953
0.010297000408172607
0.01030299998819828
0.010323000140488148
0.010301000438630581
0.010332999750971794
0.010360999964177608
0.0103169996291399
0.005615000147372484
0.010444000363349915
0.010307000018656254
0.010431000031530857
0.010370999574661255
0.010320000350475311
0.010331000201404095
0.010335000231862068
0.010350000113248825
0.010312000289559364
0.010369000025093555
0.01046799961477518
0.0053079999051988125
0.11034099757671356
0.11054699867963791
0.11036600172519684
0.10528700053691864
0.10532800108194351
0.20532600581645966
0.2053470015525818
0.2053689956665039
0.20616799592971802
0.21077999472618103
0.20539100468158722
0.20550799369812012
0.2055100053548813
0.2055159956216812
0.2103929966688156
0.20538899302482605
0.2053450047969818
0.20541100203990936
0.20530399680137634
0.21039800345897675
0.2054399996995926
0.20530299842357635
0.20529399812221527
0.20531000196933746
0.20528900623321533
0.20545299351215363
0.20555399358272552
0.20546500384807587
0.20549200475215912
0.2107509970664978
0.20530100166797638
0.20553700625896454
0.2107360064983368
0.20553900301456451
0.20556600391864777
0.21064500510692596
0.2053930014371872
0.20538300275802612
0.2054239958524704
0.20542599260807037
0.2106889933347702
0.20553100109100342
0.2055470049381256
0.2055550068616867
0.20553700625896454
0.20556999742984772
0.21062199771404266
0.20551399886608124
0.20553599298000336
0.21079200506210327
0.20553900301456451
0.2054789960384369
0.2105640023946762
0.2054619938135147
0.2106509953737259
0.21064400672912598
0.21050399541854858
0.21089999377727509
0.2055159956216812
0.2106190025806427
0.2105949968099594
0.2105810046195984
0.21062399446964264
0.21072299778461456
0.21069100499153137
0.2054779976606369
0.2055329978466034
0.2054699957370758
0.2105579972267151
0.21080400049686432
0.2120780050754547
0.20541100203990936
0.21062299609184265
0.20549799501895905
0.21059399843215942
0.20549799501895905
