0.0057
0.008995
0.006266
0.005379
0.024385
0.026173
0.010674
0.018471
0.010522
0.010778
0.010555
0.03365
0.012048
0.015607
0.028753
0.019816
0.028975
0.021565
0.040418
0.016378
0.031357
0.015857
0.010592
0.017087
0.02076
0.020985
0.005404
0.006182
0.020136
0.010622
0.015704
0.018117
0.005441
0.016967
0.023015
0.005499
0.019386
0.028019
0.005406
0.016255
0.013253
0.037948
0.044638
0.011182
0.022281
0.006166
0.005672
0.005468
0.042409
0.010542
0.033453
0.036091
0.020887
0.010694
0.015823
0.010585
0.003652
0.0054
0.025296
0.005373
0.005568
0.012759
0.005349
0.01009
0.010649
0.022301
0.01241
0.025631
0.031823
0.005426
0.005416
0.005574
0.017962
0.022054
0.025087
0.010661
0.006792
0.017432
0.027359
0.049783
0.005462
0.015819
0.015926
0.011256
0.017794
0.016889
0.031099
0.011169
0.017789
0.016877
0.005583
0.005629
0.005712
0.007572
0.005502
0.032237
0.008495
0.013085
0.007544
0.007037
0.011493
0.017164
