0.005291000008583069
0.005239999853074551
0.005437000188976526
0.0004729999927803874
0.009456000290811062
0.005187999922782183
0.0052089998498559
0.005305999889969826
0.0053900000639259815
0.006444000173360109
0.005210000090301037
0.005259000230580568
0.0052109998650848866
0.005233000032603741
0.005212999880313873
0.0013050000416114926
0.003212000010535121
0.013911999762058258
0.00599699979647994
0.007172000128775835
0.008058999665081501
0.005386000033468008
0.005319999996572733
0.005408999975770712
0.005410999990999699
0.005276999901980162
0.0052640000358223915
0.0038499999791383743
0.005169000010937452
0.005266000051051378
0.0052919997833669186
0.0053090001456439495
0.00534699996933341
0.0053980001248419285
0.005326000042259693
0.005297999829053879
0.00532200001180172
0.00532899983227253
0.00533499987795949
0.0053519997745752335
0.005251000169664621
0.00532200001180172
0.0052999998442828655
0.005332999862730503
0.005291000008583069
0.005268000066280365
0.005251999944448471
0.005338999908417463
0.005338000133633614
0.0004140000091865659
0.005369999911636114
0.005251000169664621
0.0051460000686347485
0.00520200002938509
0.005187999922782183
0.005311000160872936
0.005375999957323074
0.005286000203341246
0.0052280002273619175
0.005266999825835228
0.005299000069499016
0.005260000005364418
0.005243000108748674
0.005423000082373619
0.0013699999544769526
0.005305999889969826
0.005330999847501516
0.0053610000759363174
0.005278000142425299
0.005177000071853399
0.0052200001664459705
0.00520200002938509
0.0036520001012831926
0.0052089998498559
0.005183999892324209
0.0051750000566244125
0.005226000212132931
0.005216999910771847
0.005185000132769346
0.005272999871522188
0.005276999901980162
0.00535399978980422
0.005222999956458807
0.0052189999260008335
0.005257000215351582
0.0053460001945495605
0.005247999913990498
0.005226000212132931
0.0030739998910576105
0.006149000022560358
0.008196000009775162
0.005229000002145767
0.005216999910771847
0.005249999929219484
0.005231000017374754
0.005185999907553196
0.005239999853074551
0.005342000164091587
0.005185000132769346
0.00532899983227253
0.005408999975770712
0.005210000090301037
